0.7110572182837356
0.7428536658119222
0.7521114852221605
0.8727249428768188
0.5703795072220584
0.8369459172565286
0.5885569426124334
0.6590587826587074
0.9504845451385117
0.8143145579103724
0.7491724260175394
0.48386910667986915
0.9220845067670911
0.811815646752124
0.7551782451422656
0.8185547381895245
1.0999919820649031
0.845109305209354
0.7675267387767587
0.9382316982206279
0.8581889999636165
0.507581981350128
0.5177502196032712
0.6689702306308513
0.5269689608411336
0.922905129637884
1.1832557434591404
0.9926962458827379
0.6234067023455696
0.613327146139032
0.6548741054135668
0.8539333007387445
0.6035630334356061
0.6279050149615952
0.629352734869364
0.5498141405621071
0.8840075470162766
0.7222279784529996
0.46953519164931234
0.9147911207182535
0.8779536682118338
0.5712959616224015
0.6742923516754439
0.6787284845123813
0.7168321373174444
0.4350844787225705
0.622409949140911
0.4926399430998973
0.5044517107801731
1.2059246017392782
0.8460290879982745
0.7834339073971889
0.8423473770652024
0.6169180859151396
0.6706058024449594
0.7851858740783463
1.0614619100374538
0.7835710755462769
0.9016036516315555
0.6449603880105823
1.0708275781542558
0.6846474630630645
0.7640125446887894
0.6421854087079142
0.8178615147002593
1.0158537348827388
0.9110420572212354
0.9077975003009435
0.7164276256673636
1.433438867719196
0.6744431817549876
1.192535776869296
0.7776834084181863
0.9575612835341258
0.5842945476226814
0.5534889648456128
0.8008604938686744
0.8540038984615628
0.7293417966633501
0.5024903352712802
0.911465529487773
0.6954989054723971
1.3888262851984556
0.9211563478084227
0.9159453375244511
0.8344846562920154
0.7867938186088239
0.7123472405394188
0.8548127150682525
0.9714163676344977
0.8494213157962865
0.6482065976658006
0.5589329192858425
1.0805123756149555
0.6521739186348827
0.6052440368177491
0.6216065875998495
0.6504265534426779
0.4963616923787686
0.7838344773561963
1.0733400699045197
0.5801046104481307
1.1984120518522499
1.0283727247774295
0.9601828122672427
0.681612849633157
0.8574178003002209
1.2392743855079305
1.1490215788588867
0.8503100766793514
0.9385144987927897
0.8444605884629194
0.8878318328083159
0.40225716372712705
0.585183075238632
0.9092489479414437
0.9874636929365364
0.8008750994170717
0.9984249067221288
0.5764798582818472
0.6056813643498978
0.5736564183358646
0.8128505921966694
0.7718122274065788
1.164904349925787
0.7121970085619764
0.4509330824354058
0.8320479378996195
0.8858313836406957
0.4651951472427088
0.7546662150931365
0.962641141209844
1.28229668571264
0.8179030132422486
1.1338915781602272
0.9403788556865398
1.0268533043933474
0.9409336500009253
0.4507968349668064
0.8713432687820954
0.8321427562831376
0.8137509138913833
0.4971171120757067
0.5685254575476132
1.0237962482782448
0.5622846415707852
0.9397318197424898
0.7108005032268856
0.8526059077771709
1.254435886244838
0.7618111003592083
0.775025048982525
1.1552304379143623
0.7914440176815343
0.721721349580468
0.7493381929827225
0.8221331100662874
1.0156206522331503
0.6401133166382914
0.6781175650993068
0.7803113553880088
1.0345167545968705
0.6094974613059613
0.896243221848415
0.7210333265224504
0.7816615408902119
0.5180759954943465
0.6741100398799172
0.8207160944218721
0.5801103181419126
0.8905321616766667
0.7481366421470015
0.6763535418794727
0.6383976601662151
0.827876338423116
0.5094152609283511
0.5906393430422124
0.5220538926100581
0.7177946847846501
0.5446581967677648
0.5897994904870734
1.0054902032293762
0.8000593556509192
0.6745284206513374
0.7876731430173508
0.6086958371716706
0.6774727930648802
0.5392583117127603
0.5655317717064453
0.702178952342609
0.5042684192379787
1.2110434502531449
0.6267233811330559
0.5047502752502572
0.8324037153196635
0.6309333519632423
0.628178721095581
0.599627077203898
0.7648345315750317
0.9558928054145606
0.6246783982200527
0.5351978911146739
0.7123842723839999
0.7853264951285568
0.9257271691587236
0.5428055800014024
0.8217312671339613
0.7780848462242781
0.7062440120557497
1.1646926456409235
0.6748261228922066
0.7309612804691581
0.802841571332826
0.5961051444590704
0.7665077631186947
0.6821347384767057
0.5919633764419252
0.8561311290934408
0.7019461024435901
0.7812933060528405
0.6717311233118779
0.8825343006199998
0.5842149336980655
0.6751840549218526
0.6370751702811
0.7417902763904712
0.6171374925080555
1.0652904037426731
0.8014712745115223
0.7093351502753018
0.9585516235818521
0.8655700684557859
0.7427987452681841
0.5969787087485442
0.9196815818879209
0.7248474157577409
0.6384338903783254
0.678327195144356
0.5534910220538569
0.7146556588209838
1.4676642415714791
1.3864434843113551
1.0796318507584715
0.7363489022681105
0.5861980467275141
0.7114436656681047
0.6232503053530213
0.6482266719069385
0.5107728114567045
0.43071670154484487
1.038217838867365
0.7105814500385357
0.9795359091555619
0.5489963302921635
0.587898477642293
0.976142052822402
0.5685436503590966
0.5744728891560119
0.5315374273096591
0.6341244576379896
0.777152247828183
0.6664982468635733
0.6474008357909675
0.829227833560289
0.8879621154903728
0.9915159426595312
0.7091913878413464
0.7272430964427056
0.5817526783010617
1.1516904533976593
0.6387245951329761
0.776843009985449
0.5483971663673063
0.6008049373977514
0.8275643164413169
0.7017718112441722
0.8411392300810564
0.6575850316294907
0.780068079040775
0.6740524853463387
0.8815582302644445
0.5557077608270629
0.8335185492157358
0.604138868947814
0.7704235920620064
0.8898417737231356
0.7403549167608694
0.5127269959124291
0.8299555071720985
0.5944199763447285
0.94545806624776
0.7431460825894017
0.6812360904219545
1.133121774270456
0.6388559383339095
0.9334005977340326
0.8466852766087701
0.5920652030832287
0.6372642666417471
0.5621597913851093
0.999303232534891
0.5047419733273578
0.775854964298832
0.6456927421902486
0.9881940168483963
0.5568198350375799
0.7342033926430067
0.45286329588774044
1.0068113133820755
0.533197952108976
0.8152420834866129
0.7734296576872864
1.0635778045829107
0.8790968050179971
0.691117096327378
0.7645551730533579
1.4167079644613108
0.5446831601978083
0.8470622262925133
0.5351019251560996
0.6292531185631743
0.8274431462257195
0.6894011220798067
1.0221836952173098
0.6780131685133762
0.7628182086772438
1.0760094883914715
1.2077899284095246
1.0071583410756337
0.9374504025035144
0.9461611462288132
0.6959811074663623
0.5041175829429868
1.0952421444781097
0.6331677150738518
0.6246562243934553
0.6679698624456151
0.42287030513757606
0.9525687778728326
0.6667072782350757
0.829927600923223
0.6296793701005479
0.7079923812362071
0.7581201188518937
0.623118199227715
0.6656076757019808
0.8690632510367209
0.7777233434485458
0.505846947440063
0.757149362815636
0.586507893222278
0.6732403945357797
0.6538217655640142
0.9264949905822445
0.8582974131478359
0.8549796026793294
0.7694804074683751
0.8719971204906801
1.005005096000205
0.7857507800937679
0.7425219176597958
1.1516482103619037
1.115832400591091
0.4910986276850657
0.5434002364574394
0.5091373196310981
0.61530370414669
0.9385142997911692
0.6097069453263614
0.7757954925183906
0.7615486881898786
0.847685531725537
0.7167011257779552
0.7247234946810398
0.7692780308119148
0.6810097128526788
0.9681594333784661
0.9218057849994244
0.9983445373766446
1.3680473513792848
0.4823449038612971
0.7601245313693306
0.7954586410649191
0.5796625653441209
0.5385530470472981
0.5801530841751401
0.7244241283127495
0.8245203684946316
0.8549378134241942
0.7024626518623936
0.6628248875342558
1.365630386979393
2.1579781881042805
0.768733839691591
0.8298216336623027
0.666566683175915
0.7868802850609764
0.6800314260247174
0.6015866944974491
0.5918202119965624
0.6286392897109142
0.7830861764413297
0.4907408995455736
0.733318673511996
1.038828312611877
0.6953498558827786
0.8240332699013851
0.7686195658534271
0.6622362514792576
0.9564602091866184
0.7578001063605351
0.7117348470137165
0.6557639932365147
0.8780406359558326
0.8411370607529617
1.0174690776349087
1.1060194275856174
0.7574250293869198
0.8471395423921526
0.6690697126217628
1.0067745041085279
0.7895380583474377
1.0829070650980737
1.0850028487319714
0.8457008518713083
0.7917345389152882
0.8182467441123468
1.382334055453183
0.6970222462269439
0.7522840987399421
1.0709493898475781
0.848792515953808
0.9431696949386013
0.784290281342291
0.9621121684308946
1.133098202045696
1.496930556012256
1.1663796876981312
0.495813457837231
0.7271753158160632
0.6624366367264253
1.013412441424721
0.788876192975285
0.8424550034636699
0.6294347623094968
0.8530851022169528
1.179833289445598
0.8357235279544403
0.9129497322479557
0.9393772437517169
0.8051199372554917
0.5867226976924157
0.830417197609722
0.6088199745216725
0.8280890630781093
0.7469497723651721
0.8992858012921232
1.4648229675393358
0.967082425370647
0.7674045921157446
0.5282186875151873
0.8164398641600236
0.9425147267423533
0.8328506125271394
0.626006411309211
0.6899288800997632
0.5776634207017778
0.6705703607360938
0.4076613157663995
0.5452479298001649
0.7148269626334014
0.535547393251234
0.9734516557777848
0.5815394673480805
0.6140730631845859
0.6722348818633643
0.8645767095009941
0.8120636935839562
0.7142337490620339
0.7368858550691327
0.8822566228628574
0.9080436296245228
0.8306107881074046
0.6659320346582501
0.9079082818560501
0.4942443547434889
0.9365813697795647
1.1044188339786107
0.6664754643674994
0.8454873961971908
0.90740674445862
1.2280003156486623
0.5132365219874162
0.5869696291268055
0.7046294587897061
0.5034084868174439
0.985515413403046
0.7091738202411022
0.6482525916086667
0.6121232116311284
0.5874172477314613
0.594135009135935
0.8427288606973131
0.7984788518602894
0.677205949526614
0.8468981183950682
0.908787715223491
1.0548429295635031
0.6970901464797842
0.6679398363805028
0.5973583759152672
0.7734250878755973
0.6690736983719827
0.8238737761957547
0.800825719477726
1.0637557590208306
0.64578299268255
0.7104026763325542
1.208239544381747
0.9127018306363676
0.8736452166158084
0.9341400546274695
0.7966324336428395
0.9722385129769424
0.5595312420632249
0.9226502278901899
0.7675417049272834
0.5387001370196264
0.5600610411755692
0.6915761109712281
0.7726014614403915
0.763037662118975
0.7423723792619327
0.548279890407081
0.7627325156488068
0.9744067122828854
0.6142758837338517
0.7397579827692945
0.526464762313087
0.8224671384370876
0.8103079382096232
0.5955237648607773
0.5633576311233148
0.5825042625174369
0.7328864465004638
0.8855581281025547
0.8318709479351821
0.8510019077845763
0.7271886339206369
0.7573767644498883
0.5469883633053941
0.7630584476866685
0.85309038098866
0.9584156394809008
0.899599263241922
0.7835936146241164
0.5633643682886497
0.6209679815451272
0.6653193601803238
0.6300673195479534
0.4718041123982662
0.5802587428065417
0.7083190993314755
0.5115592262753288
1.0546688968865967
1.0235884151735046
0.7550157788421097
0.5724667491512658
0.5687040194105883
0.8254345365358354
0.7099307742466305
0.5501879616526484
0.5621735860156938
0.5840911858047828
0.7024905637060176
0.9573158842608522
0.8063415391286225
0.6782231135768366
0.7121978090687611
0.6825568602009581
0.6482807487578695
0.5788919391530024
1.0731529398640542
0.7785974995618893
0.6663529225040749
0.580102723603669
0.5450166685921487
0.5806982659392064
0.7275142855408049
0.7031056170125884
0.7272756804932021
0.8405881300801561
0.612304675838818
0.7003750061989047
0.4921639791869095
1.0075749761621269
0.8657943340587859
0.6068793106692221
0.5082678400488017
0.5203383014370807
0.8027917263712757
0.7502889304463554
0.758972641164578
0.9339051045511865
0.7251693967624823
0.8402981525495158
0.6389606021997191
0.6954090626663795
0.6877890382884542
0.6070748004856639
0.5621603430260237
0.9164428516352627
1.317159606171616
0.5979686673755272
0.7999811020701687
0.7125145520841824
0.7922431355186454
0.508298877641114
0.6569006609161566
0.46538707397784024
0.6424666497938774
0.6818086624453513
0.5006935792297277
0.7947008507845822
0.7222687462499232
0.45537163579524886
0.7848521876068394
0.6333204779012226
0.712171166509655
1.0077326622170075
0.7215197798068942
0.8459304129383654
0.7663964162631967
0.7352687642149233
0.7549015216934064
1.0348841099787098
0.9573647072330327
0.7421741487588238
0.7712373006898041
0.8540069301244698
0.633509276670686
0.5556814502676763
0.7443230052821798
0.7666892678675896
1.0042325895154847
0.9296733793562022
0.7246288516376332
0.49372402287366707
0.5176233246832173
0.9503296788196907
1.0817677264777428
0.7624776981447794
0.6500292245761419
0.6364261749698673
0.7400469038907248
0.8539402022460517
0.9188593226129
0.8617323719071499
0.7923837557581269
0.8691015608142705
0.9784375914634246
0.6911726016558261
0.6398683301781243
0.6271789751077613
1.1554400756136314
0.6902944616978758
0.5445278417366048
1.5245259824653152
1.1233333775167782
1.006159659335354
0.6301151955090604
0.4644181764895366
0.507275930072931
1.202164742380164
0.9754147836324772
1.2941889127044872
0.8491942466963217
0.5368608913261108
0.7282342110315546
1.0205684030784488
0.7995700327839942
0.7576872118043482
0.5827262698558239
0.8109871904780622
1.2453629540305355
0.7585106656293072
0.6083291718707412
0.8830365024416585
0.4727209878000781
1.0878292496289894
1.0194080842327202
0.7670322920790299
0.7710935754622781
1.1340799982640726
0.9767102306614621
1.046033689969066
1.0622279707622557
0.7354030282902316
1.3384753581050948
0.7941399513881121
0.5263632621355521
0.8233466984264441
0.8031010250582553
0.7443597704349038
0.6662879052865219
1.3461348198571497
0.767278915081924
0.6051202326393031
1.0408858300465955
0.7963657101059619
0.729612428606768
0.7299611091456063
0.9690791017500062
0.7381392299597166
1.0278906737731486
0.5769222440143064
0.8291706417615706
0.6701754816654562
1.0715740167717807
0.6934008220933278
0.7071715066465728
0.9637284683546512
0.7527727050260036
0.7205771482001531
0.9113340581214097
0.7270024161542182
0.5430586370100466
1.096100189969571
0.5811348589162799
1.10816680726239
0.5020960303159145
0.6675993031881212
0.6489188310442107
0.6399652350341236
0.7907425801843524
0.609582316896099
0.8217240906956395
0.8092982368304058
1.4515421351249846
0.7724374688668367
0.8246152678090377
0.7189982491659094
0.7007294466803314
0.7507547383951108
0.8665315390362888
0.94738835725159
1.4113645298752706
0.628153136730765
0.6240831866375446
0.783629221638598
0.5778889242833505
0.5752227062154132
0.5464481027374698
0.7655111587294716
0.6938298611863365
0.4243521237819124
0.8183340427067243
0.5277322329384775
0.5229078405098367
0.6029206857722367
0.538222351923479
1.1029658548157153
0.7728655939434569
0.6557413247342143
0.6252646132014066
0.6557285185332123
0.8215650027087026
0.8787552722687991
1.0220954995121798
0.7984469082960726
0.7186749614940233
1.2459536797486297
0.7996707702458559
0.5847034964641611
0.7040672903613949
0.8853406655848134
0.8325482649395441
0.7509790192949253
0.7498918707762334
0.7765425820618107
0.8521309997999713
0.729575015992182
0.9849830465299959
0.5305879572548157
0.6007797955043679
0.8275597135510172
0.6790461785894345
0.8838463880137408
0.5771592971218197
0.7854604745359732
0.7809401496982198
0.5222851555846252
0.6026704273640029
0.7491034603825415
0.6708602729683996
0.6393317574741261
0.6923263162620326
0.6453590868842795
0.7112005682001928
1.1022078103797808
0.6611581309551978
0.4999167925293392
1.2289505970041241
0.9291642769599668
0.6385759564734871
0.5639582779706029
0.7330078620236358
0.7372767238614576
0.8972470932792262
0.5378211942482776
0.876893373608855
0.7043252054353055
0.868154859526165
0.8425284587751241
1.136762861812254
0.8533809054404385
0.7474999570792732
0.6076485347754284
0.6130111064920984
0.8457940708394107
0.8383681974878182
0.5609187888838751
0.9719014310387906
0.6959270658099268
0.6686918598091252
1.0927435659299285
0.7632492600739343
0.5628962242260043
0.9059551363917955
0.4087425212359881
0.7035829864660756
0.575140487696615
0.8555020755163816
0.8825190146041614
0.8357757702463376
0.7241797985609172
0.7105320539545641
0.7084711501778945
0.5456147081821339
0.9403364344788883
0.6973527315419994
0.7108602983786267
0.7204963414149469
0.7260667756124266
0.5178823018047786
1.0241538653539632
1.0604411912020963
0.6012237669576579
0.7898540185762757
0.7957221352904486
0.9205283578922061
0.7916471162769412
0.6918189890710558
0.9213100798513875
1.108926544734453
0.6057602750980106
0.858073687138052
0.5831771369240422
0.6656881339206808
1.0044945699363745
0.6917216897125484
0.7708519815561761
0.8545877398106411
0.7618635554980012
0.9333788217254513
0.6828652479659109
0.7399889533109586
1.292967427817539
0.46855023214684555
0.5419852207231042
0.8662041413779885
0.600612686447706
0.7410615599387759
0.6676731883811763
0.45984532412426565
0.6662123002129476
0.5608034365245572
0.6596681270557941
0.9422848266517639
1.006637835921897
1.1261349763873822
0.876635224360933
0.6818034640748755
0.9499598806478567
1.0410057069994079
1.0444714757292652
0.6001335788196273
0.6277559937550766
0.6798360742702835
0.6500688096018232
0.8863997619216855
0.9266846577195353
0.8368837373240031
0.8108092811946529
0.9183839159132312
0.6938880594491305
0.535199191239524
1.040186427697859
1.1681126872860108
0.8035956858578613
0.6857895119775589
0.5179572186135645
0.6394064971635472
0.5795050823095285
0.8850022946367195
0.6007097053191529
0.7725361607510116
0.6446708342186284
0.7406283611473015
0.6297765665879019
0.740090086327682
0.7014133941537742
0.648366605461992
0.6814218768618173
0.9013211615664791
0.713705101948269
0.9328816101223071
1.096139529549636
0.9103421817912589
0.6276215258603441
0.749352140990421
0.8171988891672498
0.6925860825326452
0.546416197552505
0.546337541805695
0.6765421186772878
0.5170272409281076
0.9009975741639398
0.534857529873926
0.7952815748257823
0.7953125352112888
0.936716740678268
0.8973359809623752
0.7945317999626492
0.8869785102904753
0.9608563085307434
0.6514071513034938
0.5687316825582867
0.6367918012779162
0.6267618789382471
0.5355261969182958
0.6132162523955753
0.7278835867523924
0.7429983509603816
0.8921052848580014
0.51466587121301
0.7076021747829846
0.9225781167085219
0.6597344297036795
0.8389431816362788
0.5189676514784112
1.2255506840595942
0.5227450128219719
0.6927160236223765
0.5465109023707302
0.8125747344555271
0.9051083108367172
0.8433914887119569
0.6830573525366274
1.020820605055334
0.591005609629235
0.8640202121164464
0.7364324548804336
0.8422597762973205
0.8653670133863423
0.9640733868929914
0.6305415323632441
0.8959152436865445
0.8096809776847583
0.6272930651652593
0.6048812531885019
0.7293483656465793
0.44056890122528614
0.9827044967256688
0.5092750732792465
0.6933131274519532
0.9549406454564918
0.9096015074328512
0.6142726441984567
0.6896412529021942
0.7885059064286439
1.3294917000840574
1.3807884625548434
0.513571263092103
0.8153439121705112
0.789665087903764
0.6349637937957279
0.9089487027147454
0.6232056990021586
0.965603557100361
0.5797773081703257
1.5477042055507144
0.7309576008718035
0.5498587851922072
0.8710671549170609
0.9073396002111533
0.8350675892675872
0.9544943375277887
0.6892641043070902
1.215469238663041
0.9480545574740651
1.0470631429752486
0.8786839265649964
0.8676641249949347
0.8290745430393164
0.6441427573277684
0.7613309506084123
0.5341486831578623
0.7288891190850202
0.479684979967016
0.5900530572424115
0.5525006420579014
0.9132414107646071
1.0082914208570346
0.6645820450503341
0.7126049631654184
0.6141006966237696
0.883046970337723
0.845454924129272
0.7986295796079744
0.7973313115794198
0.48585499549275385
0.9015465613051764
0.8104820872748246
0.8369308687272679
1.0901885484032325
0.4639044211279775
0.6710985919820207
0.6381953064023803
0.6662283240772476
0.6191389043330778
0.8494537586969105
0.5943774654171732
0.7169600944406194
0.7619316097782277
0.8932301683652732
0.6685606112260526
1.152854889944527
0.7823510254817415
0.9380715264627413
0.7902254747492276
0.5398637285903838
0.6055417445946715
0.7640177636011588
0.8685064014706042
0.5037677874463802
0.43572370142891126
0.6193550349909769
0.6082291957817746
0.8202118424372403
0.6394431131245988
0.6153393488944354
0.7514617477805932
0.7086863514740259
0.7202112492200621
0.5734530956061764
0.6084532127537254
0.601037915418883
0.6785013606342822
0.49767320775647433
1.1685661830115268
0.6391788272285343
1.0169914943282787
0.9845348118562892
0.8864361073833924
0.628701190930311
0.5751048998899684
1.0320197061317216
1.0602009998600432
0.4759601716683999
0.5557474381810852
0.7694254146162488
0.8008974830136453
1.0422424758507662
0.7047810475991159
1.3788059938384645
0.7533266413333635
0.7041863508339051
0.6608376576205197
0.7128614198046714
0.6378479273071076
0.8890926313633396
0.749617266287959
0.5584048717026343
0.7894699952413098
1.3764802049779261
1.1721750705869334
0.6261714153974449
0.8692843242926174
0.5966951390282279
0.8760732094687164
0.636225295703553
0.6328074844162038
0.9104905639362529
1.2098469360655237
0.8734189905052381
0.7309677018535117
0.477509935409406
0.9743189025461808
0.7422031552596
0.8529606942132217
0.48825921783792103
0.5989899802068165
0.8676004542496195
0.7823855673081521
0.48150829327461164
0.6855996523262855
0.736271996719089
0.6783035692360554
0.6023704531103571
0.7124705129431927
0.5896398704889292
0.6942534597994442
0.7953179295673161
0.5073249917996008
0.5249144344261855
0.7040454503294455
0.7308847964155654
0.5729823690117668
0.6513113028174181
0.8987350351978395
0.9703888254519186
0.8676510815158596
0.6514308080040572
0.9367370656341334
0.6261655756773283
0.66245851201446
0.6044851876449102
1.3271432896815136
0.7472985428060044
0.5960142567985447
0.9357120099444642
0.5674055784329582
0.8013494813162311
0.9003824441687621
0.7855905048338808
0.5510941324778466
0.6603633324648575
0.9176038797524757
1.1801940288286978
0.5626008802776704
0.6936028628908305
0.5255955176779961
0.904977472166
0.8978935015773555
0.5916238121582118
0.6694250789026339
0.6159207850619968
0.8136224234818151
0.8485201055786616
0.8297915367759543
0.6862613888376973
0.5407012550960084
0.6941070743984432
1.0867681443730144
0.7282344038181262
0.7291872083868348
0.6891081213766694
0.8827921351520186
0.6724494741370979
0.7304785639011239
0.7804896329056211
0.6796057857772958
0.6594718584940822
0.8271272764025766
1.206131552306801
0.4977952352489548
0.8767923241852685
0.6037304607635552
0.5353703362973237
0.7526596919287174
1.0748102306663145
0.6815142904200824
0.9030189265131116
0.7700422647042053
0.815393684625035
0.6011177531783264
0.9436272361113441
0.8809619806093735
0.8842826259642032
0.6751605993026197
0.5000340641445092
0.510173693129877
0.6443703623674097
0.6072331222798377
0.5617456764151162
0.6627042911654457
0.44246640098335965
0.9526087448194003
0.6758098745430781
1.2182357033258753
0.8740168410631092
0.5696102821356583
0.5291632991483403
0.9151338164216135
1.0866992694609812
0.5465652771967798
0.6070398296098636
0.5817891812270425
0.5999870713627662
0.6106294218470097
0.5903037995968334
0.5586125546698391
0.4548381049344098
0.6944678781109871
0.6192254122250809
0.5619581368808028
0.7435960849588812
0.9015331881654733
0.6783631110524142
0.6851623043005303
0.6148076107733706
0.6298174914763074
0.6799725229696973
0.8979703208052721
0.7210467089483821
0.7902707447926618
0.583532660172335
0.5267502689295509
0.6492683813730036
0.4611147045379733
0.694609846606971
0.42272514675134015
0.7615871196438838
0.4610440426448785
0.5467319486144531
0.5357558692228538
0.6656373652367115
0.55742330309958
0.4863170470696939
0.5781334769199664
1.0355276581621768
0.5358330029468371
0.8068305576623525
0.6508998865622305
0.45081276906014717
1.0280278519832358
0.4382301860484759
0.66023952770679
0.9231098596900357
0.8762941998762802
0.6167186535160768
0.7197177488776726
0.796219698121692
0.6506123208849841
0.5618143817390275
0.43810591948582345
0.708463306652842
0.6534949079922454
0.664551759284416
0.5760871757348268
0.5206434444058415
0.5989532928816267
0.8936431311686591
0.6517997119190619
0.9199777809425612
0.9163652872189468
1.049366135696085
0.8775062019608822
0.7806235590298428
0.636330073170222
0.5362683415045835
0.7054389670122965
0.6588469229075352
0.8668662994712615
0.7707326842941701
1.0125350933182877
0.7689240017194237
0.8852881629580704
0.8749545365079829
0.7892091159135632
0.9336367833393027
1.101713033035943
0.785640537113892
0.662709824969775
1.0577781038320655
0.7289241619534116
0.5236229990449858
0.775851063289447
0.8188408692657738
0.9554637004856911
0.6017874045158139
0.7116326221679845
1.004439172177375
0.6582872751595585
0.778577301665762
0.753021452159829
0.5553715387696374
0.6899472799554871
0.8436041526351277
0.8801709272603228
0.869937821040852
0.7793682309873172
0.8938042282871282
0.9218115348541636
0.8959879550828562
0.8334331342443086
1.1126245933984615
0.6127647223215925
1.3494138496395152
1.1198913400127894
0.9771211268814299
0.7473042676514897
0.6512794942538274
0.6572317512762934
0.6631309530734113
0.47058120946200904
0.5081846535103747
0.7189967553962826
0.9652664443959321
0.5314833434816104
0.7891567272590281
0.675276136762717
0.7141182608394789
0.6090177390971965
0.7431161465531889
1.1418554371987264
0.7914263865716931
0.7271837054344288
0.7380170692315359
0.8264648743194899
0.8208016185763938
0.8186376380262751
0.9571627454312566
0.5910986266193048
0.5917222047333364
0.9430959196143119
1.0615888834088338
1.0307606755369902
1.013064314100451
1.1487913805013104
0.7114015089423112
0.5414359543956635
0.5259759654074719
0.6611828296921055
0.4949849147720856
0.5748384930382958
0.7829782268927085
1.0451532661390674
0.8192671666923761
0.7590465669320418
0.7012119940555861
0.9312890511153805
0.41437631607012904
1.00270966454696
0.5128369893186211
0.7637056059958992
0.7975642908968212
0.6434651510401491
0.9152291733850426
0.6237436209950704
0.7872437615618298
0.5264691753748667
0.7852869351401909
0.8910667312031713
1.1239170268487821
0.7548843741487906
0.7301345544450426
0.46940631264148935
0.7947255003255659
0.9370466231415379
0.8021921736869939
0.865352535334461
0.5168186838387524
0.9843712255424958
0.6769901130662295
1.0374246266341502
1.010518050634524
0.5917805221721525
0.7604462048627266
0.9044560219952601
1.0328071251601274
0.8354077683877155
0.8930430809260816
0.6175467476353812
0.5283526965052763
0.6428323616462065
0.5587530983852902
1.244466425615383
0.4839323030416691
0.6694435839733013
0.5636805988780141
0.5945804010490168
0.8224951796022627
0.5982945295371155
0.967615784593291
0.6173445587395427
0.6626521909030756
0.9275334857658313
0.677017470677869
0.6675660273036089
0.9746621712732287
0.5839262237830207
0.8952739193255527
0.5879563367580986
0.47573701232317267
0.5651673465326378
0.535332547876658
0.974406477995359
0.6015411076020879
0.5639786342345118
0.7355598470615599
0.5480254441846361
0.750878807648889
0.4124697823867926
0.5607906004474024
0.9290965392730978
0.6372446529652316
0.747098803529354
0.7511525363959222
0.470918439480182
0.7164551691173588
0.4581433634609475
0.9256640504768112
0.7254582704055098
0.6685781898109356
0.454026125783809
0.7018843268367471
0.8336592725803809
0.8379311431796246
0.932494339816237
0.8475775230717651
0.667269393122389
0.6137117649755728
0.700407980468717
0.6228374683219151
0.8427297356281903
0.8397556370047509
0.6901038218617498
0.5055223516192785
1.0881377454838221
1.1069233432849048
0.9010215701010257
0.796451337503469
1.2214034633841078
1.162115835745866
0.6155721760126542
0.6757994053252259
0.8102038973668614
0.7518381677553109
0.8572492936956609
0.6424735229459595
0.7928524247408252
1.2417070771172143
0.8359214617036139
0.552542240972146
0.6112483806271627
0.7453724183937938
0.6430729060637775
0.4814448628139433
0.7840783003727266
0.7280066587966973
0.7033908877488793
0.6999186493089223
0.6605151104111292
1.5818879524767577
1.364130288148823
0.6026783823307776
0.6364920615258148
0.7285416067119381
0.8549707619679077
0.7788417348722781
0.7081183905657407
1.016411530513559
0.7338131221881653
0.7747360160319683
0.4335724219798898
0.9209155350005517
1.0439125996464538
0.8460105380884584
1.1537151534071055
1.0859346008074318
0.7402613110637303
0.7113517811156881
0.9209891104603306
0.8602731857569352
0.931868917299925
0.5777853284116652
0.8222499316817818
0.93479042817822
1.1291724838502923
0.7612567315360506
0.6432529335130617
0.9473022328774999
0.7087996276101691
0.8632232056497465
0.6802525404782228
0.6228456543731206
0.8931287084037169
0.8468133978870549
0.8146904113895582
0.7707343173325749
1.526356582844391
0.6250013921639664
0.8822466430501847
0.6699950033120623
0.6621088903221762
0.8994028093327588
0.6751905805845638
0.6399988846143176
0.5079097727427205
0.5360952453051404
0.9738310457496093
0.752582170987657
0.5927296123578553
0.6536707196504006
0.8641686328891104
0.7510745592682556
0.7339685467923083
0.7578787791223632
0.6061750878834471
0.6607574808574038
0.6398168431627003
0.7552685036608805
0.8289180413434624
0.8950185372415708
0.8307473533397198
0.8061751025241803
0.9107795148016565
0.9570119844803172
0.7295574362167725
1.040804437145425
0.8282570203844748
0.7890582999167889
0.6947989273966353
0.4820566649407045
0.9550908241562308
1.391606242617764
0.8172235407768463
0.545612228099558
0.5718553319450926
1.0229071436222517
0.7373914130169517
0.7617165835827111
0.6099653828888478
0.6527735335363762
0.7598420875034098
0.49647954007549155
0.8405355321416267
0.4322697443185984
0.7523647393288224
0.5859655698361662
0.5500764609083054
0.5917193237891377
0.8381011146825738
0.8796967138283224
1.2025566734449316
1.5109243309534557
0.7137484855102846
0.7590495279714808
0.6069539859986276
0.9576466406198947
0.498144235649707
0.6986594886137992
0.8180445321239666
0.629708422709438
0.72278520131591
0.5174884757980248
0.9802993758974738
0.9869974554380565
0.8852163327676243
0.9355446145096323
0.4496922300956808
0.9923322139673473
0.765388537532363
0.7963583161952483
0.9619449433565851
0.5030328362940152
0.7277409904428443
1.2066031701860926
0.5590501932528835
0.5817720689044606
0.5463953309555639
0.7707189010590643
1.095088383915871
0.6897856416160717
0.6696080123795163
0.7554316915815312
0.9583185368143314
1.0595094926415536
1.2234644260471195
0.6328316201360032
0.5696036632493764
0.7664367756741366
0.8027218621258815
0.7600052512319749
0.7563985724312025
1.0777535108883498
0.613039520490602
0.7345527033006669
0.45026968003989976
0.41616776977606174
0.8571389875282408
0.7897895674110742
0.5208798079422823
0.6816953225365715
0.782681287843102
0.6760924178753372
1.0112112611703674
0.7710297470210826
0.894153068682682
1.0726773221810986
0.6226110994856676
0.9465931419409215
0.4912680087694041
0.5554477763855795
0.8500639963743255
0.7218092562185757
0.542548251196397
1.1037892296137513
0.7381652309840883
0.8814639243352601
1.3965254967262049
0.642373860018383
0.7180173100169153
0.7379720635303437
1.3198446979044245
0.7570920291382743
1.2100140490733517
0.5636423784496759
0.49133809137113577
0.7159509890262578
0.7969192907930083
0.7415080599784946
0.6181060478329685
0.627407543895037
0.7648492229474695
0.7741775247465402
0.7344223097002115
0.6370928386961735
0.5540518364281071
0.580903051490137
1.2000770834264747
0.667245294668294
0.7038208442927985
1.309637670622666
0.8172869817984311
0.6632703776184131
0.6912964691972562
0.5646331020796087
0.6886454454408423
0.8267896316879665
0.9377197962755272
0.8930518538387414
0.73329641176362
0.5112401981690874
0.7825873971060059
0.9483806238591879
0.6304273737020076
0.8796175846169121
1.4335123157180878
0.9786701438775903
0.7624820169497185
0.6242884188855832
0.8341114316645838
0.6368529688255348
0.5709115573103661
0.6530815109972277
0.8638456821732267
0.6311048937729029
1.0759550629810362
1.2956694089169094
0.736113598369704
0.5166878103169117
0.8212814669665578
1.0137698443716427
1.3235087504985037
1.1378276176086661
0.5260868125540121
0.7087709398557991
0.8277091172871294
0.7866980861226325
0.5633811729751004
1.208750518684991
0.5008964702896833
0.5117345596172977
0.6819375694070399
0.839976211513912
0.5020433203595684
0.4704774038704402
0.648073893836483
1.0139414975840648
0.9128642697721271
0.7922477687097882
0.82866208001792
0.5892083661537927
0.6240180729381314
0.9805345825008986
0.7935301603102127
0.8926443766531877
0.9000791050476566
0.8267745281999643
0.7147250926213126
1.0091938638309976
0.7252897989454022
0.6326629216914312
0.6895255593395404
0.6217801625162939
0.7627995576430895
0.6058324928722499
0.8223028589900129
0.6485724062397229
0.7343556658963596
0.6452802712504327
0.7280794911602333
0.6908180316501406
0.7324272009557611
0.9117522226923325
0.6634567569284213
0.9800441365632856
1.1240684295527705
0.5091702871355716
0.7543278108689947
0.5045677782090897
0.6083970038937758
0.6067136851286009
0.8049122875871366
0.6693598262256043
0.7951126466251981
0.7535546643784724
0.9752595796083818
1.112957083865468
0.6609893982378457
0.8783439537932585
0.8696903195257757
1.1164141349823473
0.8105539249056694
0.6397178284602053
0.6544911187198917
0.5762863482179397
0.5671770628723461
0.9109745448779817
0.8276409625475007
1.1814873028554886
0.6721363003253756
0.8187430292819944
0.7063680669653707
1.0494303006290973
0.7465232844771698
0.5031487658144455
0.6311891365540376
0.53352068725106
0.8060014787252716
0.8261650951959252
0.46863553487815884
0.5198622191951743
0.4909418791419922
0.6432743634248667
0.7185665484683121
0.6390253563780419
0.6180192928650856
0.7765272103996385
0.8058503807025865
0.8417275531779987
0.7362135821823894
0.7497391017381563
0.8333451210801168
1.0462286705076924
0.9308328252177582
0.7496603407411879
0.8580930861058367
0.6511700763420483
0.8795615109495833
0.7451058638444623
0.9065364012444869
0.5071483589701926
0.6114150748776586
0.617693237153433
0.6856427556408593
1.0171242089207295
0.6124851417801596
0.7763924509272391
0.7348839974368471
1.0180554190168347
1.2463282237088154
0.6114656809244476
0.5107005876350097
0.7236149019007595
1.2111489626904113
0.9885053221763217
0.696379919858943
0.6624238557827176
1.0929866596771558
0.6911788861176076
0.40782269951662964
0.5962909775311185
0.7424551414247892
0.5579945392428394
0.8674688917526744
0.681921623940353
0.7438708303984868
0.5239220209999749
0.7352875986081332
0.8583540782214341
0.8807716710190941
0.926131443715715
1.107941642377181
0.6350217198940126
0.5961695445948105
0.7296966467010689
1.0306791184867994
0.7013605458247901
0.6704786796069254
0.6517711803386622
0.6099675924404019
0.6836300034241128
0.5779784392264727
0.6015147393040593
0.5719328346911233
0.5678680822080342
1.030660229909233
0.7827545736774509
0.813782134924106
0.8397916377380923
0.607813251109263
0.5895827738143896
0.5898374549128762
0.5453837886241582
0.9263001967793736
0.9884210962885237
0.7597400034403726
1.0051271184462491
0.8326996473198938
0.786988809751497
0.6382305088569425
0.6292616656434605
0.7346983177399783
0.7299820309545064
0.499391823177847
1.0369237046859567
0.8101825670547628
0.8886345732797734
0.8657577167233366
0.7368969262721555
0.6942394095248066
0.5699522343898603
0.8035665926983353
0.8431789456290032
0.8881036804205187
0.8003799739221308
0.55138466494018
0.6255843170256469
0.7461126947725056
0.7105640486311525
0.6836128346744901
1.0712570624011584
1.1870001975357354
0.4969413288527867
0.5301115692308132
0.7852249861920723
0.5556121198611231
0.7539403692603825
0.9458967801123824
0.573557541144463
1.5032131293498383
0.8402448598548742
0.6237762547539226
0.7773882702112898
0.46046944607434537
0.6372007558031577
1.0053921457488355
0.628177653883827
0.7984286943303786
0.4834580817973112
0.989515195610109
0.7249929755909074
0.6542688625045031
0.5550498852776842
0.6753953356117487
0.8396612802861173
0.7845088070326265
0.814845900938718
1.221446900071036
1.246926353422466
0.8260891707549515
1.0725043895844624
0.6860529216749426
1.0547792561356664
0.7231236632885208
0.6651724540999994
0.9538785290601793
0.6792588565206734
1.3776367035884445
0.8453398981529147
1.0630913371651731
0.6462916513324145
0.8614232549603842
0.6814009919971119
1.1603446037674476
1.8026614288295517
0.637911625019667
0.8110076504354793
0.6896954950062916
0.7416703166637534
0.7180233225924546
0.6705074799772633
0.8474252662093543
0.7120682288544566
0.7428880654843969
0.8797941694911177
0.7019978266410354
0.8214891724375916
0.5694072092294963
0.855806131179854
0.8725368978370177
0.616061008011584
0.5586440903691515
0.7317968613985592
0.8990687191299098
1.5973681916113354
0.7195522929854051
0.6390669348830743
0.5043897261012876
0.8039847571224045
1.2994511164165299
0.782319192129798
0.8856783660417297
0.9144631819234171
0.687947485129108
0.8202352464955709
1.2533508709446604
0.7122648730426246
0.7544429218014961
0.7189203111621831
1.0242513102245125
0.6853132726917216
0.8815841375626867
0.7491053341577446
1.124454470951257
1.303466068407216
1.0096680965445537
0.9184417011222259
0.6598442956185497
0.5139652308987754
0.6700432702159356
0.7222433358335952
0.725792258992976
0.8652202236735228
0.6523584632903852
0.8642696013346867
0.961802123339417
0.5186813303264378
0.716210617250686
1.0614220375681735
0.7600471754795725
0.6174425578304905
0.4580475448366911
0.6553444940264431
0.619570427820774
0.9719323223908171
1.0810525400045086
1.122961737667627
0.8114438009331055
0.8724090595536991
0.7811952231865922
0.6589631880577891
0.7004638427443258
0.5595465956364204
0.7493510459899904
0.6902127854084719
0.6334901540001193
0.5767711200970802
0.7623861876371062
1.0396685949290274
1.2582507138307248
0.6420068069677487
0.8255202449194843
0.7272077552034402
1.1245769663642
0.9909767361885392
1.0948392200227186
0.8454832262984358
0.7822950187704876
0.7441237737710925
0.7914962128763857
0.954737988119916
1.1568531521383991
0.8788586385428189
0.6801741420823486
0.7613542593163602
0.787748661169429
0.7873518215805493
0.5754515308575904
0.9056958548956001
0.6392946910139736
0.5828468974232458
0.7124758267126056
0.7919783760128475
0.6572698993699507
0.5392613656470385
1.0940462760997458
0.5913783222006
0.9721241384222709
1.1485776214056884
0.6731804829257902
0.5306646741921716
0.6856789663227371
1.2282673374201352
1.4826874571968283
0.8979553825672039
0.8526137222645882
0.5898155391194954
0.6033568794766239
0.8616187014016642
1.0452914734568683
0.8453289941304151
0.6134302099430264
0.9674868915394513
0.8911620832879641
0.7843061526522682
0.851700776536089
1.1169592017335315
1.0397461434410198
0.8184539312766077
